0,5
1,7
2,7
3,6
4,9
5,7
6,11
7,9
8,4
9,5
10,11
11,13
12,10
13,7
14,4
15,10
16,6
17,4
18,7
19,6
20,8
21,2
22,6
23,9
24,5
25,10
26,8
27,8
28,7
29,12
30,9
31,9
32,6
33,11
34,7
35,10
36,9
37,5
38,8
39,10
40,8
41,9
42,12
43,10
44,4
45,6
46,9
47,5
48,4
49,4
50,9
51,11
52,7
53,5
54,9
55,6
56,5
57,8
58,10
59,10
60,13
61,7
62,8
63,7
64,9
65,8
66,12
67,11
68,3
69,7
70,7
71,9
72,5
73,7
74,12
75,6
76,8
77,9
78,9
79,10
80,7
81,4
82,5
83,10
84,10
85,5
86,8
87,7
88,12
89,6
90,8
91,5
92,6
93,6
94,6
95,10
96,13
97,5
98,6
99,4
100,3
101,8
102,5
103,10
104,9
105,7
106,4
107,7
108,5
109,8
110,12
111,13
112,6
113,2
114,7
115,4
116,9
117,6
118,8
119,5
120,3
121,9
122,7
123,6
124,7
125,3
126,10
127,8
128,11
129,6
130,10
131,7
132,6
133,3
134,11
135,5
136,7
137,2
138,13
139,6
140,7
141,10
142,14
143,4
144,11
145,7
146,3
147,7
148,6
149,5
150,10
151,10
152,11
153,3
154,4
155,5
156,7
157,6
158,5
159,6
160,11
161,3
162,6
163,6
164,5
165,6
166,3
167,4
168,9
169,3
170,5
171,9
172,6
173,10
174,6
175,8
176,7
177,7
178,7
179,6
180,6
181,5
182,5
183,9
184,6
185,6
186,6
187,5
188,5
189,11
190,6
191,4
192,7
193,4
194,4
195,7
196,10
197,8
198,5
199,5
200,6
201,7
202,8
203,11
204,11
205,8
206,8
207,13
208,6
209,8
210,10
211,7
212,5
213,7
214,5
215,7
216,6
217,9
218,8
219,4
220,3
221,11
222,3
223,10
224,6
225,3
226,1
227,7
228,7
229,10
230,9
231,9
232,7
233,7
234,8
235,5
236,10
237,9
238,8
239,4
240,8
241,4
242,8
243,6
244,12
245,8
246,7
247,10
248,3
249,5
250,8
251,3
252,9
253,8
254,6
255,12
256,5
257,9
258,7
259,6
260,12
261,5
262,8
263,10
264,4
265,7
266,7
267,9
268,1
269,9
270,10
271,4
272,8
273,4
274,8
275,8
276,6
277,11
278,5
279,5
280,12
281,6
282,6
283,5
284,8
285,9
286,7
287,10
288,4
289,5
290,7
291,4
292,7
293,10
294,5
295,12
296,9
297,4
298,8
299,6
300,6
301,4
302,6
303,4
304,6
305,3
306,6
307,11
308,9
309,12
310,8
311,5
312,8
313,5
314,7
315,3
316,7
317,5
318,11
319,8
320,5
321,11
322,4
323,9
324,7
325,10
326,8
327,6
328,5
329,4
330,8
331,7
332,8
333,6
334,5
335,9
336,7
337,8
338,7
339,3
340,9
341,7
342,7
343,10
344,6
345,9
346,7
347,3
348,15
349,10
350,4
351,3
352,9
353,4
354,9
355,8
356,9
357,5
358,6
359,6
360,5
361,12
362,8
363,6
364,7
365,1
366,14
367,4
368,6
369,5
370,5
371,10
372,10
373,6
374,12
375,12
376,11
377,5
378,11
379,7
380,8
381,5
382,5
383,8
384,2
385,10
386,12
387,9
388,5
389,8
390,6
391,9
392,10
393,6
394,11
395,8
396,8
397,11
398,7
399,5
400,5
401,5
402,7
403,3
404,3
405,3
406,4
407,11
408,9
409,7
410,9
411,7
412,5
413,7
414,7
415,12
416,5
417,8
418,4
419,4
420,1
421,9
422,4
423,9
424,6
425,5
426,4
427,6
428,5
429,12
430,4
431,8
432,8
433,9
434,9
435,7
436,3
437,7
438,3
439,6
440,10
441,6
442,8
443,11
444,9
445,6
446,7
447,6
448,4
449,9
450,7
451,2
452,5
453,2
454,4
455,4
456,8
457,9
458,7
459,10
460,13
461,7
462,9
463,6
464,8
465,9
466,12
467,3
468,7
469,6
470,7
471,4
472,12
473,8
474,5
475,11
476,8
477,5
478,6
479,9
480,6
481,3
482,7
483,3
484,11
485,5
486,7
487,7
488,5
489,8
490,11
491,7
492,4
493,3
494,6
495,8
496,8
497,10
498,5
499,2
500,8
501,10
502,5
503,7
504,7
505,5
506,4
507,14
508,9
509,7
510,7
511,7
512,3
513,5
514,5
515,8
516,6
517,9
518,6
519,5
520,5
521,8
522,7
523,4
524,5
525,10
526,8
527,8
528,4
529,10
530,5
531,5
532,5
533,5
534,12
535,9
536,5
537,9
538,10
539,9
540,6
541,8
542,8
543,8
544,8
545,13
546,7
547,6
548,5
549,9
550,13
551,7
552,6
553,4
554,8
555,7
556,5
557,14
558,8
559,8
560,4
561,6
562,3
563,9
564,6
565,8
566,11
567,2
568,9
569,4
570,8
571,3
572,4
573,8
574,10
575,3
576,6
577,5
578,16
579,3
580,9
581,8
582,5
583,3
584,4
585,5
586,11
587,7
588,9
589,7
590,11
591,6
592,5
593,4
594,6
595,6
596,6
597,6
598,7
599,7
600,2
601,9
602,5
603,5
604,4
605,10
606,10
607,4
608,4
609,7
610,11
611,8
612,10
613,9
614,7
615,10
616,8
617,5
618,0
619,11
620,3
621,4
622,7
623,8
624,6
625,5
626,10
627,9
628,9
629,6
630,8
631,5
632,4
633,3
634,9
635,4
636,8
637,11
638,0
639,6
640,6
641,5
642,8
643,5
644,8
645,9
646,8
647,5
648,8
649,12
650,4
651,8
652,5
653,12
654,8
655,10
656,8
657,7
658,6
659,9
660,8
661,5
662,4
663,7
664,7
665,8
666,5
667,8
668,5
669,7
670,11
671,10
672,7
673,5
674,7
675,3
676,10
677,7
678,9
679,10
680,5
681,4
682,6
683,10
684,6
685,7
686,6
687,4
688,6
689,7
690,6
691,9
692,8
693,5
694,6
695,8
696,5
697,5
698,4
699,5
700,11
701,12
702,7
703,8
704,4
705,13
706,8
707,9
708,3
709,5
710,7
711,10
712,5
713,9
714,6
715,9
716,6
717,10
718,7
719,7
720,6
721,3
722,11
723,7
724,9
725,11
726,11
727,9
728,11
729,8
730,12
731,4
732,5
733,11
734,9
735,8
736,8
737,4
738,4
739,10
740,8
741,7
742,9
743,8
744,3
745,13
746,8
747,7
748,6
749,8
750,10
751,4
752,8
753,6
754,9
755,8
756,9
757,5
758,7
759,4
760,6
761,8
762,9
763,7
764,4
765,10
766,4
767,7
768,5
769,7
770,6
771,9
772,10
773,6
774,7
775,15
776,5
777,8
778,9
779,7
780,6
781,8
782,7
783,10
784,8
785,6
786,9
787,7
788,12
789,7
790,8
791,12
792,3
793,9
794,7
795,7
796,9
797,6
798,5
799,8
800,3
801,8
802,8
803,7
804,4
805,11
806,11
807,6
808,6
809,14
810,10
811,10
812,5
813,9
814,6
815,7
816,10
817,6
818,6
819,10
820,4
821,4
822,6
823,11
824,7
825,9
826,7
827,12
828,7
829,7
830,5
831,5
832,8
833,3
834,11
835,6
836,6
837,8
838,9
839,8
840,7
841,8
842,8
843,5
844,4
845,7
846,6
847,6
848,7
849,10
850,8
851,9
852,10
853,7
854,12
855,6
856,6
857,11
858,5
859,7
860,7
861,4
862,7
863,9
864,3
865,6
866,9
867,4
868,6
869,7
870,5
871,6
872,4
873,7
874,13
875,11
876,5
877,6
878,7
879,12
880,3
881,5
882,2
883,4
884,9
885,5
886,10
887,7
888,5
889,3
890,2
891,4
892,5
893,6
894,11
895,7
896,8
897,8
898,7
899,11
900,10
901,6
902,6
903,5
904,5
905,8
906,4
907,9
908,17
909,3
910,8
911,5
912,7
913,7
914,5
915,9
916,6
917,3
918,7
919,9
920,3
921,4
922,3
923,8
924,7
925,7
926,8
927,15
928,6
929,6
930,7
931,9
932,11
933,13
934,7
935,8
936,9
937,12
938,8
939,8
940,8
941,10
942,6
943,5
944,4
945,8
946,4
947,10
948,5
949,7
950,5
951,7
952,8
953,10
954,3
955,12
956,5
957,11
958,8
959,12
960,10
961,10
962,7
963,9
964,7
965,11
966,10
967,7
968,5
969,3
970,6
971,6
972,6
973,9
974,4
975,3
976,9
977,7
978,7
979,8
980,8
981,5
982,7
983,11
984,10
985,10
986,5
987,5
988,9
989,7
990,5
991,7
992,9
993,10
994,9
995,3
996,5
997,7
998,7
999,11
1000,3
1001,4
1002,4
1003,8
1004,8
1005,11
1006,9
1007,12
1008,6
1009,1
1010,7
1011,8
1012,7
1013,6
1014,16
1015,5
1016,2
1017,5
1018,4
1019,4
1020,7
1021,5
1022,5
1023,8
1024,4
1025,12
1026,5
1027,4
1028,5
1029,5
1030,9
1031,9
1032,4
1033,5
1034,5
1035,6
1036,6
1037,7
1038,6
1039,1
1040,7
1041,9
1042,4
1043,8
1044,4
1045,7
1046,3
1047,9
1048,6
1049,4
1050,11
1051,7
1052,4
1053,5
1054,7
1055,7
1056,6
1057,11
1058,11
1059,6
1060,10
1061,8
1062,6
1063,5
1064,7
1065,12
1066,8
1067,6
1068,4
1069,6
1070,6
1071,12
1072,5
1073,8
1074,10
1075,3
1076,7
1077,4
1078,7
1079,4
1080,5
1081,4
1082,14
1083,7
1084,6
1085,8
1086,5
1087,3
1088,7
1089,12
1090,11
1091,8
1092,6
1093,11
1094,4
1095,4
1096,7
1097,6
1098,11
1099,9
1100,12
1101,5
1102,4
1103,10
1104,8
1105,12
1106,7
1107,14
1108,12
1109,9
1110,11
1111,9
1112,6
1113,11
1114,8
1115,14
1116,7
1117,8
1118,15
1119,4
1120,6
1121,6
1122,10
1123,11
1124,6
1125,8
1126,3
1127,4
1128,7
1129,3
1130,5
1131,6
1132,3
1133,4
1134,6
1135,3
1136,10
1137,6
1138,9
1139,8
1140,9
1141,10
1142,6
1143,7
1144,10
1145,6
1146,7
1147,5
1148,7
1149,9
1150,8
1151,6
1152,10
1153,6
1154,5
1155,10
1156,3
1157,4
1158,7
1159,7
1160,2
1161,6
1162,10
1163,13
1164,9
1165,15
1166,5
1167,7
1168,5
1169,11
1170,10
1171,7
1172,6
1173,4
1174,8
1175,7
1176,6
1177,10
1178,6
1179,6
1180,9
1181,8
1182,11
1183,9
1184,11
1185,5
1186,3
1187,9
1188,8
1189,5
1190,9
1191,5
1192,4
1193,5
1194,5
1195,10
1196,9
1197,7
1198,7
1199,7
1200,10
1201,8
1202,11
1203,3
1204,9
1205,9
1206,6
1207,7
1208,14
1209,4
1210,10
1211,9
1212,2
1213,9
1214,14
1215,9
1216,9
1217,9
1218,8
1219,9
1220,6
1221,7
1222,7
1223,8
1224,6
1225,7
1226,5
1227,6
1228,7
1229,4
1230,9
1231,7
1232,11
1233,7
1234,6
1235,10
1236,5
1237,6
1238,7
1239,8
1240,5
1241,9
1242,11
1243,3
1244,12
1245,6
1246,2
1247,7
1248,7
1249,8
1250,8
1251,7
1252,11
1253,7
1254,8
1255,6
1256,7
1257,8
1258,8
1259,10
1260,8
1261,6
1262,11
1263,10
1264,11
1265,4
1266,6
1267,7
1268,9
1269,5
1270,7
1271,9
1272,5
1273,5
1274,6
1275,13
1276,7
1277,7
1278,5
1279,8
1280,4
1281,4
1282,2
1283,6
1284,7
1285,11
1286,10
1287,6
1288,9
1289,6
1290,6
1291,7
1292,7
1293,7
1294,6
1295,6
1296,7
1297,8
1298,11
1299,6
1300,8
1301,7
1302,8
1303,8
1304,11
1305,5
1306,4
1307,5
1308,7
1309,13
1310,10
1311,8
1312,9
1313,3
1314,10
1315,6
1316,8
1317,10
1318,9
1319,8
1320,11
1321,8
1322,4
1323,9
1324,5
1325,6
1326,7
1327,6
1328,11
1329,11
1330,11
1331,9
1332,7
1333,4
1334,6
1335,11
1336,8
1337,6
1338,8
1339,7
1340,8
1341,3
1342,7
1343,11
1344,9
1345,6
1346,14
1347,12
1348,12
1349,13
1350,8
1351,6
1352,8
1353,5
1354,12
1355,7
1356,7
1357,8
1358,8
1359,6
1360,10
1361,8
1362,7
1363,10
1364,7
1365,6
1366,7
1367,4
1368,3
1369,8
1370,12
1371,7
1372,9
1373,9
1374,12
1375,6
1376,8
1377,13
1378,8
1379,8
1380,8
1381,10
1382,10
1383,8
1384,13
1385,9
1386,11
1387,9
1388,10
1389,6
1390,8
1391,8
1392,6
1393,6
1394,11
1395,3
1396,4
1397,6
1398,9
1399,9
1400,6
1401,9
1402,6
1403,6
1404,11
1405,8
1406,7
1407,12
1408,5
1409,12
1410,7
1411,7
1412,5
1413,4
1414,13
1415,2
1416,5
1417,11
1418,8
1419,7
1420,5
1421,11
1422,6
1423,8
1424,5
1425,3
1426,8
1427,5
1428,5
1429,9
1430,6
1431,4
1432,10
1433,11
1434,7
1435,6
1436,5
1437,8
1438,12
1439,6
1440,4
1441,9
1442,11
1443,8
1444,9
1445,9
1446,4
1447,4
1448,5
1449,11
1450,8
1451,14
1452,8
1453,9
1454,4
1455,9
1456,7
1457,5
1458,2
1459,7
1460,7
1461,10
1462,6
1463,8
1464,3
1465,10
1466,7
1467,10
1468,12
1469,6
1470,5
1471,1
1472,12
1473,10
1474,10
1475,5
1476,10
1477,3
1478,4
1479,6
1480,10
1481,2
1482,2
1483,6
1484,5
1485,9
1486,9
1487,7
1488,9
1489,9
1490,9
1491,3
1492,12
1493,6
1494,2
1495,14
1496,4
1497,7
1498,8
1499,9
1500,7
1501,11
1502,10
1503,3
1504,11
1505,8
1506,11
1507,10
1508,10
1509,6
1510,5
1511,8
1512,9
1513,15
1514,10
1515,3
1516,8
1517,5
1518,8
1519,8
1520,5
1521,9
1522,14
1523,8
1524,8
1525,10
1526,7
1527,10
1528,7
1529,6
1530,4
1531,9
1532,6
1533,11
1534,6
1535,7
1536,13
1537,6
1538,5
1539,5
1540,12
1541,6
1542,11
1543,6
1544,5
1545,7
1546,11
1547,11
1548,4
1549,8
1550,6
1551,7
1552,8
1553,6
1554,6
1555,9
1556,7
1557,14
1558,8
1559,5
1560,10
1561,15
1562,7
1563,5
1564,9
1565,7
1566,10
1567,13
1568,6
1569,10
1570,8
1571,3
1572,10
1573,3
1574,6
1575,7
1576,5
1577,12
1578,5
1579,4
1580,15
1581,6
1582,7
1583,7
1584,8
1585,10
1586,9
1587,6
1588,5
1589,9
1590,5
1591,8
1592,4
1593,7
1594,8
1595,10
1596,4
1597,9
1598,9
1599,6
1600,6
1601,8
1602,7
1603,7
1604,6
1605,9
1606,3
1607,11
1608,10
1609,7
1610,11
1611,7
1612,6
1613,3
1614,7
1615,10
1616,5
1617,6
1618,6
1619,2
1620,8
1621,8
1622,7
1623,4
1624,12
1625,6
1626,10
1627,9
1628,12
1629,9
1630,3
1631,3
1632,5
1633,7
1634,4
1635,9
1636,12
1637,3
1638,5
1639,4
1640,6
1641,7
1642,6
1643,11
1644,10
1645,8
1646,12
1647,5
1648,4
1649,7
1650,8
1651,5
1652,5
1653,2
1654,9
1655,5
1656,5
1657,5
1658,7
1659,4
1660,14
1661,10
1662,9
1663,4
1664,3
1665,5
1666,4
1667,4
1668,10
1669,7
1670,11
1671,6
1672,8
1673,8
1674,9
1675,8
1676,6
1677,6
1678,6
1679,4
1680,8
1681,9
1682,7
1683,9
1684,11
1685,7
1686,9
1687,5
1688,9
1689,13
1690,8
1691,3
1692,7
1693,7
1694,7
1695,6
1696,7
1697,8
1698,7
1699,8
1700,9
1701,6
1702,7
1703,8
1704,8
1705,11
1706,10
1707,8
1708,10
1709,7
1710,6
1711,7
1712,6
1713,5
1714,5
1715,7
1716,2
1717,10
1718,11
1719,7
1720,8
1721,4
1722,2
1723,6
1724,6
1725,6
1726,4
1727,6
1728,9
1729,1
1730,14
1731,7
1732,6
1733,10
1734,8
1735,9
1736,8
1737,8
1738,5
1739,9
1740,5
1741,7
1742,10
1743,6
1744,6
1745,13
1746,10
1747,13
1748,8
1749,5
1750,6
1751,7
1752,3
1753,9
1754,6
1755,7
1756,5
1757,5
1758,10
1759,6
1760,5
1761,6
1762,7
1763,6
1764,9
1765,12
1766,9
1767,9
1768,5
1769,8
1770,8
1771,11
1772,13
1773,6
1774,8
1775,5
1776,8
1777,12
1778,5
1779,5
1780,8
1781,10
1782,7
1783,8
1784,10
1785,11
1786,6
1787,5
1788,6
1789,10
1790,7
1791,6
1792,11
1793,6
1794,4
1795,5
1796,4
1797,6
1798,7
1799,7
1800,4
1801,9
1802,7
1803,8
1804,11
1805,11
1806,6
1807,6
1808,13
1809,6
1810,8
1811,6
1812,7
1813,6
1814,8
1815,5
1816,3
1817,11
1818,5
1819,6
1820,5
1821,8
1822,13
1823,8
1824,11
1825,9
1826,6
1827,8
1828,10
1829,8
1830,7
1831,5
1832,7
1833,8
1834,5
1835,8
1836,9
1837,4
1838,5
1839,9
1840,9
1841,8
1842,11
1843,8
1844,7
1845,4
1846,5
1847,13
1848,9
1849,5
1850,8
1851,9
1852,4
1853,9
1854,9
1855,7
1856,8
1857,8
1858,6
1859,8
1860,13
1861,9
1862,4
1863,7
1864,14
1865,6
1866,9
1867,6
1868,7
1869,14
1870,6
1871,4
1872,5
1873,3
1874,3
1875,9
1876,12
1877,7
1878,7
1879,7
1880,11
1881,12
1882,3
1883,5
1884,7
1885,4
1886,3
1887,8
1888,8
1889,9
1890,6
1891,7
1892,13
1893,5
1894,6
1895,5
1896,5
1897,12
1898,6
1899,8
1900,10
1901,8
1902,7
1903,6
1904,5
1905,11
1906,7
1907,4
1908,5
1909,5
1910,11
1911,11
1912,8
1913,12
1914,9
1915,6
1916,6
1917,6
1918,7
1919,8
1920,3
1921,9
1922,6
1923,13
1924,4
1925,11
1926,4
1927,7
1928,6
1929,12
1930,9
1931,6
1932,11
1933,10
1934,10
1935,4
1936,7
1937,7
1938,8
1939,9
1940,12
1941,9
1942,10
1943,6
1944,10
1945,8
1946,8
1947,6
1948,6
1949,11
1950,9
1951,8
1952,5
1953,8
1954,6
1955,7
1956,11
1957,4
1958,8
1959,7
1960,6
1961,6
1962,9
1963,4
1964,6
1965,5
1966,7
1967,6
1968,8
1969,12
1970,6
1971,7
1972,2
1973,4
1974,9
1975,9
1976,7
1977,12
1978,4
1979,11
1980,3
1981,5
1982,7
1983,12
1984,6
1985,6
1986,10
1987,8
1988,7
1989,8
1990,8
1991,7
1992,2
1993,4
1994,2
1995,10
1996,10
1997,8
1998,6
1999,9
2000,5
2001,7
2002,10
2003,9
2004,9
2005,3
2006,6
2007,10
2008,4
2009,8
2010,7
2011,7
2012,2
2013,10
2014,5
2015,7
2016,9
2017,13
2018,11
2019,6
2020,10
2021,8
2022,5
2023,7
2024,7
2025,8
2026,14
2027,8
2028,6
2029,5
2030,4
2031,8
2032,7
2033,8
2034,8
2035,5
2036,8
2037,6
2038,6
2039,5
2040,7
2041,4
2042,2
2043,11
2044,5
2045,10
2046,7
2047,8
2048,7
2049,8
2050,8
2051,11
2052,7
2053,7
2054,8
2055,11
2056,6
2057,5
2058,10
2059,12
2060,5
2061,8
2062,7
2063,8
2064,6
2065,5
2066,8
2067,4
2068,7
2069,7
2070,4
2071,3
2072,5
2073,11
2074,11
2075,10
2076,12
2077,4
2078,4
2079,8
2080,10
2081,12
2082,5
2083,10
2084,6
2085,6
2086,6
2087,9
2088,8
2089,11
2090,4
2091,8
2092,7
2093,9
2094,6
2095,12
2096,8
2097,4
2098,9
2099,7
2100,10
2101,6
2102,9
2103,9
2104,4
2105,7
2106,6
2107,10
2108,12
2109,8
2110,5
2111,9
2112,10
2113,6
2114,7
2115,4
2116,11
2117,6
2118,11
2119,5
2120,2
2121,5
2122,8
2123,9
2124,4
2125,8
2126,10
2127,11
2128,4
2129,3
2130,4
2131,9
2132,11
2133,5
2134,13
2135,9
2136,3
2137,10
2138,8
2139,8
2140,10
2141,12
2142,7
2143,9
2144,7
2145,9
2146,8
2147,6
2148,12
2149,8
2150,13
2151,10
2152,6
2153,9
2154,2
2155,3
2156,2
2157,11
2158,4
2159,8
2160,8
2161,9
2162,9
2163,10
2164,6
2165,2
2166,3
2167,7
2168,6
2169,4
2170,13
2171,9
2172,7
2173,9
2174,9
2175,6
2176,6
2177,7
2178,6
2179,11
2180,7
2181,8
2182,6
2183,8
2184,10
2185,8
2186,6
2187,8
2188,4
2189,6
2190,9
2191,7
2192,9
2193,9
2194,12
2195,4
2196,10
2197,6
2198,10
2199,4
2200,11
2201,7
2202,8
2203,9
2204,5
2205,5
2206,9
2207,7
2208,7
2209,6
2210,8
2211,4
2212,10
2213,11
2214,6
2215,10
2216,7
2217,8
2218,9
2219,9
2220,6
2221,8
2222,10
2223,10
2224,3
2225,10
2226,1
2227,6
2228,7
2229,6
2230,6
2231,8
2232,6
2233,8
2234,5
2235,7
2236,11
2237,4
2238,4
2239,14
2240,7
2241,7
2242,8
2243,8
2244,6
2245,6
2246,5
2247,7
2248,6
2249,14
2250,5
2251,4
2252,1
2253,7
2254,2
2255,4
2256,5
2257,5
2258,9
2259,6
2260,7
2261,4
2262,4
2263,5
2264,10
2265,6
2266,9
2267,8
2268,4
2269,7
2270,13
2271,11
2272,3
2273,8
2274,8
2275,7
2276,8
2277,9
2278,5
2279,6
2280,8
2281,7
2282,6
2283,6
2284,6
2285,6
2286,11
2287,4
2288,13
2289,9
2290,8
2291,8
2292,9
2293,4
2294,10
2295,8
2296,8
2297,5
2298,8
2299,8
2300,7
2301,15
2302,8
2303,7
2304,4
2305,5
2306,7
2307,7
2308,7
2309,10
2310,8
2311,6
2312,12
2313,15
2314,11
2315,12
2316,4
2317,11
2318,9
2319,3
2320,3
2321,10
2322,5
2323,14
2324,3
2325,4
2326,9
2327,8
2328,11
2329,6
2330,6
2331,9
2332,7
2333,10
2334,14
2335,4
2336,4
2337,8
2338,11
2339,5
2340,5
2341,6
2342,10
2343,4
2344,10
2345,9
2346,9
2347,9
2348,8
2349,11
2350,15
2351,5
2352,8
2353,8
2354,6
2355,5
2356,4
2357,7
2358,8
2359,9
2360,9
2361,8
2362,11
2363,11
2364,7
2365,9
2366,8
2367,6
2368,6
2369,5
2370,4
2371,8
2372,7
2373,5
2374,8
2375,10
2376,10
2377,12
2378,5
2379,9
2380,9
2381,4
2382,4
2383,6
2384,7
2385,4
2386,12
2387,4
2388,7
2389,5
2390,11
2391,6
2392,8
2393,5
2394,11
2395,10
2396,5
2397,7
2398,7
2399,6
2400,10
2401,11
2402,6
2403,4
2404,6
2405,5
2406,7
2407,7
2408,3
2409,5
2410,4
2411,8
2412,7
2413,12
2414,8
2415,5
2416,10
2417,8
2418,4
2419,6
2420,8
2421,1
2422,6
2423,8
2424,5
2425,12
2426,7
2427,8
2428,12
2429,8
2430,10
2431,8
2432,10
2433,7
2434,7
2435,9
2436,7
2437,6
2438,5
2439,7
2440,6
2441,7
2442,7
2443,6
2444,12
2445,11
2446,4
2447,4
2448,9
2449,10
2450,6
2451,6
2452,10
2453,9
2454,6
2455,6
2456,10
2457,8
2458,6
2459,9
2460,9
2461,9
2462,11
2463,10
2464,13
2465,12
2466,13
2467,7
2468,6
2469,8
2470,6
2471,6
2472,8
2473,5
2474,8
2475,5
2476,9
2477,8
2478,9
2479,10
2480,5
2481,8
2482,12
2483,9
2484,7
2485,11
2486,8
2487,4
2488,6
2489,6
2490,7
2491,11
2492,9
2493,10
2494,4
2495,5
2496,10
2497,9
2498,11
2499,11
2500,11
2501,8
2502,6
2503,8
2504,10
2505,8
2506,7
2507,6
2508,6
2509,7
2510,8
2511,8
2512,11
2513,10
2514,8
2515,5
2516,8
2517,6
2518,11
2519,6
2520,13
2521,6
2522,13
2523,8
2524,7
2525,6
2526,5
2527,2
2528,4
2529,9
2530,7
2531,8
2532,10
2533,10
2534,9
2535,3
2536,5
2537,7
2538,5
2539,9
2540,6
2541,6
2542,4
2543,7
2544,11
2545,5
2546,12
2547,6
2548,8
2549,4
2550,9
2551,6
2552,6
2553,10
2554,5
2555,6
2556,3
2557,9
2558,6
2559,6
2560,7
2561,9
2562,14
2563,7
2564,8
2565,9
2566,13
2567,5
2568,13
2569,10
2570,9
2571,7
2572,2
2573,4
2574,8
2575,9
2576,7
2577,6
2578,11
2579,11
2580,2
2581,6
2582,8
2583,8
2584,7
2585,5
2586,10
2587,7
2588,7
2589,5
2590,9
2591,5
2592,10
2593,3
2594,9
2595,6
2596,9
2597,8
2598,7
2599,10
2600,5
2601,15
2602,3
2603,5
2604,10
2605,13
2606,14
2607,11
2608,9
2609,7
2610,7
2611,11
2612,12
2613,7
2614,11
2615,15
2616,6
2617,9
2618,7
2619,6
2620,4
2621,15
2622,4
2623,5
2624,4
2625,10
2626,13
2627,11
2628,14
2629,9
2630,6
2631,5
2632,8
2633,5
2634,5
2635,8
2636,14
2637,9
2638,8
2639,11
2640,9
2641,9
2642,6
2643,11
2644,8
2645,10
2646,10
2647,9
2648,5
2649,10
2650,10
2651,7
2652,8
2653,7
2654,10
2655,10
2656,5
2657,7
2658,5
2659,13
2660,5
2661,7
2662,8
2663,3
2664,7
2665,5
2666,4
2667,8
2668,4
2669,10
2670,4
2671,4
2672,9
2673,9
2674,4
2675,5
2676,6
2677,5
2678,4
2679,5
2680,12
2681,5
2682,6
2683,11
2684,4
2685,7
2686,7
2687,8
2688,3
2689,10
2690,8
2691,9
2692,9
2693,4
2694,10
2695,9
2696,8
2697,7
2698,16
2699,7
2700,13
2701,9
2702,8
2703,7
2704,7
2705,1
2706,12
2707,5
2708,11
2709,10
2710,4
2711,4
2712,8
2713,7
2714,8
2715,7
2716,12
2717,12
2718,6
2719,3
2720,4
2721,5
2722,12
2723,8
2724,7
2725,9
2726,6
2727,3
2728,12
2729,11
2730,3
2731,7
2732,3
2733,3
2734,5
2735,7
2736,5
2737,13
2738,5
2739,6
2740,13
2741,5
2742,11
2743,9
2744,11
2745,7
2746,10
2747,6
2748,10
2749,3
2750,8
2751,8
2752,4
2753,9
2754,8
2755,8
2756,6
2757,4
2758,9
2759,5
2760,5
2761,5
2762,10
2763,7
2764,4
2765,6
2766,5
2767,5
2768,8
2769,6
2770,6
2771,4
2772,8
2773,7
2774,8
2775,9
2776,3
2777,7
2778,8
2779,9
2780,7
2781,8
2782,6
2783,6
2784,12
2785,8
2786,7
2787,6
2788,3
2789,4
2790,7
2791,9
2792,4
2793,11
2794,5
2795,8
2796,7
2797,10
2798,4
2799,6
2800,7
2801,2
2802,2
2803,5
2804,10
2805,11
2806,5
2807,7
2808,9
2809,4
2810,5
2811,10
2812,3
2813,11
2814,4
2815,8
2816,2
2817,5
2818,3
2819,8
2820,12
2821,3
2822,7
2823,7
2824,8
2825,2
2826,10
2827,9
2828,14
2829,8
2830,5
2831,6
2832,9
2833,6
2834,8
2835,7
2836,7
2837,8
2838,7
2839,9
2840,6
2841,9
2842,4
2843,9
2844,6
2845,2
2846,8
2847,10
2848,10
2849,6
2850,1
2851,11
2852,7
2853,11
2854,7
2855,3
2856,7
2857,4
2858,9
2859,8
2860,14
2861,8
2862,13
2863,8
2864,3
2865,6
2866,10
2867,12
2868,10
2869,7
2870,3
2871,12
2872,5
2873,13
2874,6
2875,7
2876,9
2877,4
2878,7
2879,5
2880,7
2881,3
2882,6
2883,8
2884,7
2885,2
2886,7
2887,7
2888,3
2889,10
2890,9
2891,6
2892,6
2893,10
2894,9
2895,8
2896,5
2897,2
2898,10
2899,6
2900,7
2901,7
2902,7
2903,12
2904,11
2905,7
2906,5
2907,7
2908,5
2909,10
2910,9
2911,5
2912,8
2913,9
2914,3
2915,7
2916,7
2917,8
2918,14
2919,6
2920,6
2921,7
2922,12
2923,6
2924,7
2925,11
2926,8
2927,7
2928,8
2929,9
2930,6
2931,7
2932,9
2933,8
2934,5
2935,5
2936,13
2937,6
2938,4
2939,5
2940,9
2941,3
2942,10
2943,4
2944,10
2945,8
2946,5
2947,4
2948,10
2949,7
2950,9
2951,8
2952,6
2953,8
2954,9
2955,7
2956,4
2957,9
2958,8
2959,4
2960,5
2961,3
2962,4
2963,11
2964,5
2965,8
2966,4
2967,8
2968,8
2969,8
2970,5
2971,9
2972,7
2973,10
2974,6
2975,10
2976,5
2977,7
2978,7
2979,11
2980,6
2981,3
2982,5
2983,2
2984,12
2985,8
2986,4
2987,12
2988,12
2989,4
2990,6
2991,9
2992,5
2993,7
2994,7
2995,7
2996,7
2997,4
2998,5
2999,4
3000,5
3001,4
3002,11
3003,8
3004,6
3005,10
3006,10
3007,8
3008,7
3009,13
3010,9
3011,11
3012,8
3013,7
3014,4
3015,3
3016,10
3017,7
3018,9
3019,12
3020,5
3021,7
3022,9
3023,6
3024,13
3025,10
3026,8
3027,6
3028,7
3029,5
3030,3
3031,10
3032,11
3033,7
3034,9
3035,5
3036,7
3037,6
3038,4
3039,6
3040,2
3041,4
3042,6
3043,7
3044,4
3045,6
3046,9
3047,4
3048,5
3049,7
3050,9
3051,7
3052,3
3053,9
3054,6
3055,9
3056,14
3057,12
3058,7
3059,5
3060,9
3061,8
3062,5
3063,4
3064,3
3065,9
3066,9
3067,10
3068,6
3069,6
3070,5
3071,4
3072,8
3073,5
3074,4
3075,7
3076,10
3077,9
3078,8
3079,11
3080,7
3081,5
3082,8
3083,6
3084,9
3085,5
3086,8
3087,7
3088,4
3089,5
3090,12
3091,5
3092,6
3093,8
3094,6
3095,7
3096,5
3097,11
3098,11
3099,10
3100,5
3101,10
3102,7
3103,10
3104,1
3105,14
3106,5
3107,2
3108,10
3109,6
3110,6
3111,13
3112,3
3113,6
3114,13
3115,8
3116,3
3117,4
3118,9
3119,8
3120,6
3121,6
3122,7
3123,5
3124,9
3125,4
3126,7
3127,4
3128,7
3129,3
3130,7
3131,10
3132,4
3133,6
3134,11
3135,14
3136,5
3137,7
3138,8
3139,8
3140,10
3141,3
3142,7
3143,11
3144,8
3145,6
3146,5
3147,4
3148,8
3149,9
3150,12
3151,6
3152,5
3153,5
3154,9
3155,8
3156,7
3157,5
3158,11
3159,5
3160,6
3161,10
3162,8
3163,3
3164,4
3165,7
3166,6
3167,3
3168,12
3169,4
3170,10
3171,8
3172,4
3173,10
3174,6
3175,5
3176,12
3177,7
3178,7
3179,4
3180,13
3181,5
3182,11
3183,5
3184,4
3185,8
3186,5
3187,8
3188,10
3189,5
3190,8
3191,5
3192,10
3193,7
3194,3
3195,8
3196,10
3197,4
3198,7
3199,6
3200,5
3201,12
3202,7
3203,3
3204,9
3205,5
3206,8
3207,2
3208,6
3209,5
3210,10
3211,5
3212,5
3213,3
3214,8
3215,8
3216,8
3217,6
3218,1
3219,5
3220,5
3221,5
3222,11
3223,12
3224,7
3225,9
3226,7
3227,10
3228,6
3229,8
3230,5
3231,4
3232,7
3233,5
3234,9
3235,8
3236,4
3237,6
3238,11
3239,7
3240,10
3241,4
3242,7
3243,3
3244,5
3245,11
3246,7
3247,6
3248,5
3249,10
3250,7
3251,4
3252,5
3253,8
3254,5
3255,7
3256,5
3257,13
3258,4
3259,6
3260,4
3261,10
3262,10
3263,8
3264,8
3265,7
3266,7
3267,8
3268,6
3269,10
3270,6
3271,6
3272,14
3273,10
3274,2
3275,8
3276,8
3277,8
3278,8
3279,8
3280,6
3281,2
3282,8
3283,4
3284,6
3285,4
3286,8
3287,9
3288,6
3289,8
3290,5
3291,8
3292,6
3293,9
3294,0
3295,5
3296,10
3297,8
3298,8
3299,9
3300,10
3301,4
3302,7
3303,11
3304,7
3305,10
3306,12
3307,8
3308,4
3309,4
3310,2
3311,9
3312,10
3313,7
3314,11
3315,5
3316,11
3317,12
3318,8
3319,7
3320,6
3321,5
3322,6
3323,5
3324,8
3325,7
3326,10
3327,4
3328,9
3329,6
3330,9
3331,3
3332,10
3333,0
3334,5
3335,5
3336,6
3337,8
3338,4
3339,5
3340,8
3341,7
3342,4
3343,5
3344,4
3345,5
3346,7
3347,5
3348,5
3349,8
3350,5
3351,6
3352,9
3353,7
3354,4
3355,6
3356,4
3357,6
3358,6
3359,8
3360,8
3361,10
3362,9
3363,3
3364,4
3365,12
3366,7
3367,4
3368,5
3369,7
3370,7
3371,5
3372,6
3373,4
3374,6
3375,10
3376,10
3377,7
3378,7
3379,9
3380,4
3381,8
3382,6
3383,8
3384,9
3385,7
3386,7
3387,4
3388,7
3389,4
3390,7
3391,7
3392,6
3393,8
3394,4
3395,2
3396,5
3397,17
3398,7
3399,9
3400,7
3401,9
3402,10
3403,9
3404,10
3405,11
3406,7
3407,12
3408,8
3409,9
3410,9
3411,11
3412,12
3413,7
3414,7
3415,4
3416,8
3417,7
3418,8
3419,8
3420,7
3421,10
3422,6
3423,13
3424,6
3425,14
3426,3
3427,4
3428,7
3429,4
3430,12
3431,8
3432,7
3433,8
3434,4
3435,8
3436,10
3437,3
3438,8
3439,9
3440,9
3441,8
3442,2
3443,3
3444,12
3445,7
3446,6
3447,11
3448,5
3449,8
3450,8
3451,7
3452,8
3453,9
3454,7
3455,8
3456,6
3457,9
3458,6
3459,4
3460,12
3461,10
3462,8
3463,11
3464,6
3465,7
3466,9
3467,7
3468,11
3469,4
3470,11
3471,7
3472,9
3473,9
3474,5
3475,4
3476,7
3477,3
3478,6
3479,13
3480,6
3481,6
3482,2
3483,8
3484,9
3485,8
3486,6
3487,6
3488,9
3489,8
3490,8
3491,6
3492,9
3493,7
3494,5
3495,14
3496,7
3497,6
3498,6
3499,4
3500,8
3501,7
3502,10
3503,8
3504,7
3505,11
3506,3
3507,6
3508,3
3509,11
3510,8
3511,8
3512,6
3513,6
3514,4
3515,10
3516,7
3517,8
3518,9
3519,4
3520,5
3521,6
3522,11
3523,9
3524,7
3525,4
3526,5
3527,8
3528,8
3529,6
3530,10
3531,4
3532,13
3533,5
3534,10
3535,7
3536,6
3537,8
3538,7
3539,2
3540,5
3541,5
3542,10
3543,11
3544,9
3545,4
3546,5
3547,8
3548,6
3549,8
3550,9
3551,11
3552,9
3553,7
3554,9
3555,8
3556,1
3557,6
3558,9
3559,5
3560,11
3561,8
3562,6
3563,6
3564,8
3565,8
3566,13
3567,7
3568,6
3569,7
3570,8
3571,5
3572,7
3573,11
3574,7
3575,4
3576,9
3577,6
3578,6
3579,5
3580,8
3581,9
3582,9
3583,2
3584,4
3585,9
3586,3
3587,10
3588,8
3589,5
3590,3
3591,6
3592,4
3593,4
3594,7
3595,9
3596,8
3597,6
3598,8
3599,9
3600,12
3601,7
3602,9
3603,10
3604,13
3605,9
3606,4
3607,9
3608,7
3609,4
3610,9
3611,11
3612,2
3613,10
3614,7
3615,9
3616,6
3617,6
3618,5
3619,5
3620,7
3621,8
3622,6
3623,14
3624,8
3625,5
3626,9
3627,11
3628,7
3629,7
3630,8
3631,7
3632,6
3633,6
3634,7
3635,11
3636,4
3637,4
3638,14
3639,6
3640,9
3641,6
3642,11
3643,11
3644,8
3645,9
3646,8
3647,14
3648,5
3649,9
3650,5
3651,3
3652,10
3653,5
3654,8
3655,7
3656,8
3657,9
3658,7
3659,6
3660,9
3661,12
3662,5
3663,7
3664,6
3665,15
3666,7
3667,9
3668,12
3669,9
3670,8
3671,10
3672,5
3673,8
3674,7
3675,14
3676,8
3677,13
3678,6
3679,5
3680,6
3681,8
3682,6
3683,5
3684,2
3685,10
3686,11
3687,5
3688,6
3689,6
3690,7
3691,4
3692,6
3693,6
3694,5
3695,7
3696,5
3697,10
3698,6
3699,9
3700,9
3701,13
3702,6
3703,6
3704,3
3705,3
3706,8
3707,3
3708,8
3709,11
3710,5
3711,6
3712,7
3713,8
3714,5
3715,5
3716,6
3717,10
3718,8
3719,5
3720,11
3721,8
3722,7
3723,7
3724,4
3725,5
3726,7
3727,8
3728,3
3729,7
3730,10
3731,4
3732,10
3733,7
3734,5
3735,9
3736,6
3737,3
3738,6
3739,9
3740,10
3741,6
3742,6
3743,10
3744,8
3745,12
3746,4
3747,6
3748,4
3749,8
3750,8
3751,11
3752,7
3753,8
3754,7
3755,10
3756,10
3757,8
3758,9
3759,9
3760,10
3761,10
3762,4
3763,11
3764,8
3765,7
3766,8
3767,7
3768,7
3769,7
3770,12
3771,7
3772,7
3773,6
3774,9
3775,9
3776,5
3777,12
3778,6
3779,6
3780,10
3781,9
3782,8
3783,9
3784,5
3785,5
3786,9
3787,10
3788,8
3789,5
3790,8
3791,8
3792,7
3793,7
3794,5
3795,6
3796,8
3797,4
3798,8
3799,6
3800,11
3801,3
3802,7
3803,6
3804,6
3805,12
3806,9
3807,9
3808,8
3809,11
3810,9
3811,6
3812,4
3813,5
3814,8
3815,4
3816,3
3817,2
3818,8
3819,6
3820,10
3821,8
3822,10
3823,8
3824,10
3825,9
3826,4
3827,9
3828,5
3829,8
3830,8
3831,5
3832,11
3833,6
3834,4
3835,5
3836,9
3837,8
3838,1
3839,10
3840,12
3841,11
3842,8
3843,5
3844,2
3845,8
3846,3
3847,8
3848,8
3849,4
3850,7
3851,9
3852,3
3853,6
3854,11
3855,2
3856,3
3857,5
3858,9
3859,5
3860,9
3861,13
3862,5
3863,10
3864,7
3865,8
3866,6
3867,5
3868,5
3869,8
3870,8
3871,8
3872,6
3873,8
3874,7
3875,8
3876,9
3877,4
3878,11
3879,10
3880,6
3881,13
3882,11
3883,5
3884,13
3885,7
3886,6
3887,8
3888,6
3889,4
3890,8
3891,7
3892,3
3893,8
3894,8
3895,8
3896,7
3897,5
3898,5
3899,5
3900,4
3901,6
3902,6
3903,12
3904,6
3905,9
3906,7
3907,11
3908,2
3909,6
3910,7
3911,8
3912,4
3913,5
3914,7
3915,10
3916,4
3917,7
3918,11
3919,5
3920,5
3921,3
3922,6
3923,2
3924,7
3925,5
3926,11
3927,9
3928,11
3929,8
3930,4
3931,8
3932,6
3933,7
3934,7
3935,8
3936,7
3937,4
3938,5
3939,11
3940,9
3941,5
3942,9
3943,8
3944,9
3945,10
3946,7
3947,8
3948,5
3949,6
3950,8
3951,5
3952,5
3953,6
3954,12
3955,6
3956,9
3957,13
3958,8
3959,10
3960,2
3961,3
3962,15
3963,7
3964,5
3965,6
3966,7
3967,10
3968,10
3969,9
3970,5
3971,13
3972,8
3973,9
3974,4
3975,9
3976,7
3977,5
3978,5
3979,9
3980,11
3981,13
3982,6
3983,8
3984,3
3985,10
3986,5
3987,7
3988,5
3989,6
3990,7
3991,9
3992,8
3993,6
3994,6
3995,3
3996,5
3997,7
3998,4
3999,4
4000,7
4001,10
4002,6
4003,10
4004,7
4005,7
4006,4
4007,7
4008,7
4009,9
4010,7
4011,6
4012,5
4013,6
4014,5
4015,6
4016,6
4017,7
4018,2
4019,9
4020,4
4021,7
4022,7
4023,16
4024,7
4025,3
4026,7
4027,5
4028,5
4029,7
4030,5
4031,7
4032,5
4033,8
4034,6
4035,9
4036,9
4037,7
4038,5
4039,10
4040,6
4041,6
4042,7
4043,9
4044,9
4045,7
4046,8
4047,9
4048,5
4049,11
4050,8
4051,6
4052,5
4053,7
4054,7
4055,6
4056,7
4057,9
4058,3
4059,7
4060,3
4061,7
4062,9
4063,4
4064,10
4065,14
4066,10
4067,1
4068,7
4069,8
4070,10
4071,10
4072,7
4073,8
4074,7
4075,7
4076,8
4077,12
4078,13
4079,13
4080,11
4081,8
4082,8
4083,14
4084,6
4085,7
4086,9
4087,4
4088,10
4089,10
4090,5
4091,9
4092,7
4093,8
4094,6
4095,10
