0,6
1,2
2,11
3,3
4,4
5,10
6,7
7,5
8,5
9,14
10,5
11,10
12,8
13,6
14,8
15,6
16,4
17,8
18,5
19,6
20,15
21,5
22,4
23,12
24,5
25,5
26,9
27,5
28,6
29,4
30,4
31,8
32,6
33,3
34,6
35,5
36,2
37,4
38,9
39,13
40,13
41,5
42,4
43,7
44,9
45,14
46,5
47,7
48,5
49,7
50,9
51,5
52,5
53,6
54,5
55,6
56,3
57,5
58,6
59,10
60,11
61,8
62,2
63,9
64,5
65,3
66,13
67,7
68,11
69,5
70,2
71,7
72,6
73,8
74,12
75,12
76,9
77,7
78,5
79,12
80,7
81,9
82,2
83,9
84,7
85,7
86,9
87,7
88,6
89,4
90,7
91,7
92,5
93,4
94,6
95,7
96,7
97,9
98,8
99,8
100,6
101,5
102,5
103,7
104,6
105,8
106,8
107,8
108,9
109,6
110,8
111,8
112,5
113,12
114,3
115,10
116,6
117,12
118,7
119,5
120,9
121,6
122,5
123,4
124,9
125,8
126,7
127,9
128,5
129,9
130,6
131,10
132,7
133,4
134,6
135,4
136,10
137,10
138,9
139,10
140,9
141,8
142,7
143,5
144,10
145,9
146,10
147,13
148,7
149,7
150,6
151,7
152,3
153,9
154,9
155,8
156,8
157,4
158,5
159,6
160,7
161,8
162,4
163,7
164,8
165,8
166,7
167,12
168,3
169,6
170,7
171,5
172,5
173,9
174,4
175,5
176,8
177,5
178,14
179,4
180,7
181,6
182,5
183,12
184,7
185,6
186,3
187,9
188,3
189,2
190,8
191,7
192,8
193,7
194,8
195,1
196,7
197,7
198,10
199,5
200,7
201,4
202,9
203,5
204,5
205,5
206,7
207,10
208,4
209,6
210,9
211,10
212,2
213,13
214,11
215,8
216,5
217,6
218,6
219,7
220,3
221,11
222,5
223,6
224,5
225,4
226,6
227,5
228,9
229,6
230,10
231,8
232,9
233,5
234,4
235,6
236,3
237,6
238,9
239,6
240,4
241,11
242,5
243,3
244,10
245,6
246,12
247,9
248,5
249,9
250,6
251,5
252,8
253,10
254,3
255,7
256,7
257,8
258,3
259,6
260,6
261,9
262,9
263,8
264,8
265,12
266,4
267,8
268,8
269,5
270,4
271,3
272,12
273,11
274,8
275,10
276,8
277,5
278,11
279,7
280,9
281,9
282,11
283,4
284,7
285,9
286,7
287,5
288,12
289,4
290,7
291,7
292,3
293,7
294,6
295,10
296,6
297,5
298,9
299,9
300,5
301,11
302,5
303,3
304,11
305,6
306,4
307,8
308,4
309,11
310,7
311,8
312,10
313,8
314,10
315,6
316,1
317,14
318,9
319,9
320,9
321,7
322,8
323,8
324,8
325,12
326,13
327,11
328,7
329,8
330,5
331,9
332,9
333,10
334,8
335,9
336,8
337,12
338,6
339,7
340,11
341,7
342,14
343,6
344,7
345,6
346,7
347,6
348,7
349,11
350,6
351,12
352,4
353,11
354,12
355,13
356,12
357,4
358,8
359,8
360,5
361,9
362,3
363,9
364,5
365,7
366,5
367,10
368,11
369,5
370,8
371,8
372,9
373,5
374,9
375,5
376,8
377,3
378,4
379,4
380,11
381,8
382,8
383,6
384,7
385,7
386,9
387,6
388,9
389,7
390,7
391,13
392,7
393,10
394,16
395,6
396,4
397,10
398,8
399,10
400,2
401,4
402,5
403,10
404,9
405,8
406,7
407,15
408,4
409,9
410,6
411,6
412,7
413,5
414,2
415,10
416,10
417,9
418,7
419,3
420,2
421,8
422,6
423,6
424,9
425,6
426,7
427,6
428,5
429,5
430,5
431,6
432,9
433,11
434,8
435,15
436,6
437,8
438,8
439,8
440,11
441,4
442,12
443,6
444,3
445,11
446,9
447,5
448,4
449,5
450,5
451,8
452,6
453,9
454,12
455,8
456,7
457,5
458,5
459,9
460,10
461,4
462,11
463,11
464,4
465,6
466,12
467,6
468,5
469,6
470,7
471,4
472,4
473,12
474,8
475,7
476,9
477,6
478,8
479,3
480,5
481,8
482,8
483,12
484,9
485,7
486,5
487,5
488,6
489,4
490,7
491,12
492,10
493,7
494,16
495,7
496,7
497,9
498,8
499,9
500,6
501,4
502,7
503,7
504,4
505,4
506,9
507,8
508,6
509,4
510,7
511,9
512,5
513,6
514,5
515,9
516,7
517,10
518,7
519,8
520,5
521,7
522,3
523,8
524,10
525,10
526,10
527,3
528,11
529,13
530,7
531,9
532,7
533,6
534,8
535,6
536,10
537,6
538,8
539,2
540,10
541,7
542,6
543,7
544,5
545,6
546,12
547,6
548,5
549,5
550,8
551,10
552,6
553,9
554,10
555,3
556,2
557,4
558,5
559,5
560,10
561,7
562,8
563,6
564,10
565,7
566,4
567,7
568,7
569,7
570,9
571,5
572,8
573,7
574,10
575,9
576,6
577,6
578,6
579,9
580,4
581,4
582,10
583,8
584,7
585,10
586,10
587,6
588,4
589,7
590,5
591,6
592,6
593,7
594,10
595,6
596,9
597,3
598,10
599,6
600,12
601,4
602,10
603,5
604,6
605,13
606,9
607,7
608,5
609,6
610,4
611,7
612,10
613,5
614,11
615,3
616,8
617,9
618,3
619,8
620,4
621,4
622,5
623,8
624,6
625,10
626,5
627,6
628,9
629,5
630,5
631,7
632,5
633,4
634,8
635,8
636,8
637,7
638,5
639,11
640,8
641,6
642,7
643,10
644,8
645,10
646,10
647,8
648,8
649,6
650,12
651,3
652,7
653,5
654,6
655,7
656,8
657,8
658,6
659,6
660,5
661,5
662,8
663,5
664,4
665,6
666,7
667,9
668,7
669,12
670,8
671,9
672,9
673,7
674,4
675,9
676,8
677,11
678,7
679,6
680,7
681,9
682,6
683,10
684,10
685,4
686,6
687,10
688,7
689,8
690,7
691,6
692,10
693,7
694,7
695,6
696,9
697,5
698,5
699,2
700,7
701,6
702,6
703,4
704,8
705,10
706,5
707,3
708,7
709,8
710,4
711,6
712,6
713,12
714,11
715,11
716,1
717,2
718,3
719,7
720,12
721,5
722,7
723,6
724,9
725,3
726,7
727,9
728,7
729,11
730,7
731,10
732,5
733,7
734,8
735,6
736,7
737,6
738,5
739,6
740,7
741,9
742,8
743,3
744,6
745,5
746,4
747,7
748,2
749,9
750,14
751,8
752,1
753,2
754,8
755,7
756,9
757,7
758,14
759,12
760,4
761,2
762,8
763,7
764,9
765,6
766,7
767,8
768,7
769,11
770,5
771,3
772,4
773,10
774,9
775,8
776,4
777,3
778,15
779,7
780,9
781,6
782,7
783,10
784,9
785,11
786,3
787,6
788,9
789,10
790,7
791,7
792,12
793,5
794,7
795,12
796,8
797,12
798,12
799,8
800,9
801,6
802,9
803,8
804,13
805,6
806,3
807,8
808,4
809,9
810,3
811,7
812,13
813,6
814,6
815,6
816,6
817,5
818,4
819,4
820,5
821,8
822,8
823,7
824,10
825,4
826,8
827,4
828,9
829,8
830,10
831,5
832,6
833,4
834,5
835,13
836,14
837,9
838,5
839,6
840,11
841,5
842,8
843,8
844,6
845,7
846,4
847,9
848,8
849,8
850,7
851,6
852,3
853,11
854,8
855,5
856,7
857,6
858,3
859,7
860,6
861,8
862,3
863,4
864,1
865,4
866,6
867,7
868,9
869,4
870,13
871,7
872,10
873,12
874,6
875,3
876,4
877,4
878,9
879,6
880,7
881,12
882,7
883,7
884,5
885,8
886,11
887,6
888,5
889,9
890,5
891,3
892,5
893,7
894,4
895,8
896,10
897,9
898,6
899,8
900,8
901,5
902,8
903,10
904,12
905,11
906,11
907,8
908,7
909,4
910,8
911,7
912,10
913,4
914,8
915,9
916,6
917,10
918,8
919,7
920,13
921,9
922,11
923,6
924,8
925,3
926,9
927,5
928,5
929,8
930,5
931,3
932,11
933,8
934,15
935,7
936,2
937,4
938,8
939,7
940,6
941,4
942,7
943,5
944,8
945,5
946,8
947,14
948,8
949,7
950,9
951,10
952,1
953,11
954,9
955,5
956,5
957,7
958,7
959,10
960,13
961,7
962,11
963,9
964,6
965,8
966,5
967,8
968,3
969,9
970,8
971,9
972,7
973,9
974,8
975,12
976,11
977,2
978,9
979,6
980,10
981,7
982,7
983,5
984,10
985,5
986,2
987,7
988,5
989,7
990,6
991,3
992,8
993,7
994,10
995,11
996,8
997,9
998,13
999,8
1000,4
1001,5
1002,7
1003,10
1004,9
1005,7
1006,10
1007,6
1008,8
1009,9
1010,4
1011,11
1012,11
1013,4
1014,1
1015,5
1016,9
1017,7
1018,10
1019,12
1020,7
1021,7
1022,7
1023,7
1024,4
1025,12
1026,4
1027,7
1028,8
1029,7
1030,7
1031,9
1032,5
1033,3
1034,5
1035,7
1036,10
1037,6
1038,7
1039,3
1040,3
1041,8
1042,4
1043,7
1044,10
1045,9
1046,8
1047,9
1048,11
1049,13
1050,12
1051,7
1052,5
1053,5
1054,5
1055,4
1056,10
1057,7
1058,7
1059,8
1060,12
1061,5
1062,12
1063,10
1064,8
1065,9
1066,10
1067,8
1068,8
1069,11
1070,7
1071,10
1072,10
1073,5
1074,13
1075,17
1076,9
1077,10
1078,3
1079,9
1080,8
1081,8
1082,7
1083,3
1084,12
1085,5
1086,5
1087,7
1088,12
1089,6
1090,5
1091,6
1092,7
1093,10
1094,7
1095,4
1096,2
1097,6
1098,5
1099,3
1100,9
1101,9
1102,3
1103,8
1104,10
1105,6
1106,4
1107,8
1108,8
1109,10
1110,10
1111,5
1112,8
1113,6
1114,6
1115,6
1116,8
1117,9
1118,7
1119,13
1120,8
1121,9
1122,5
1123,8
1124,8
1125,6
1126,8
1127,11
1128,9
1129,8
1130,6
1131,6
1132,8
1133,8
1134,4
1135,8
1136,7
1137,7
1138,5
1139,8
1140,8
1141,4
1142,7
1143,10
1144,8
1145,6
1146,14
1147,9
1148,3
1149,5
1150,11
1151,6
1152,6
1153,9
1154,4
1155,11
1156,10
1157,14
1158,8
1159,8
1160,6
1161,12
1162,11
1163,7
1164,6
1165,5
1166,11
1167,5
1168,5
1169,7
1170,3
1171,7
1172,7
1173,6
1174,8
1175,7
1176,8
1177,7
1178,6
1179,7
1180,8
1181,9
1182,7
1183,6
1184,8
1185,10
1186,6
1187,9
1188,6
1189,8
1190,6
1191,6
1192,9
1193,10
1194,13
1195,11
1196,4
1197,8
1198,6
1199,5
1200,5
1201,7
1202,7
1203,6
1204,6
1205,4
1206,5
1207,10
1208,5
1209,5
1210,10
1211,7
1212,7
1213,5
1214,9
1215,8
1216,10
1217,11
1218,8
1219,9
1220,8
1221,11
1222,4
1223,5
1224,6
1225,9
1226,3
1227,8
1228,10
1229,8
1230,9
1231,8
1232,6
1233,3
1234,8
1235,7
1236,6
1237,5
1238,5
1239,4
1240,4
1241,6
1242,2
1243,7
1244,11
1245,5
1246,7
1247,9
1248,8
1249,7
1250,8
1251,9
1252,6
1253,8
1254,7
1255,4
1256,5
1257,6
1258,5
1259,7
1260,6
1261,3
1262,8
1263,5
1264,6
1265,10
1266,4
1267,7
1268,11
1269,9
1270,7
1271,6
1272,8
1273,9
1274,5
1275,7
1276,11
1277,8
1278,9
1279,8
1280,5
1281,8
1282,12
1283,2
1284,9
1285,6
1286,7
1287,6
1288,8
1289,5
1290,5
1291,10
1292,6
1293,11
1294,10
1295,11
1296,6
1297,8
1298,9
1299,4
1300,8
1301,10
1302,4
1303,10
1304,7
1305,7
1306,8
1307,3
1308,8
1309,4
1310,8
1311,7
1312,6
1313,7
1314,9
1315,7
1316,7
1317,8
1318,12
1319,4
1320,6
1321,9
1322,14
1323,8
1324,10
1325,5
1326,10
1327,11
1328,10
1329,10
1330,6
1331,3
1332,9
1333,8
1334,9
1335,10
1336,11
1337,6
1338,4
1339,2
1340,7
1341,2
1342,5
1343,9
1344,10
1345,11
1346,6
1347,8
1348,12
1349,10
1350,6
1351,11
1352,1
1353,10
1354,4
1355,5
1356,8
1357,3
1358,8
1359,10
1360,6
1361,6
1362,6
1363,15
1364,4
1365,5
1366,5
1367,12
1368,8
1369,5
1370,13
1371,7
1372,4
1373,6
1374,7
1375,6
1376,4
1377,3
1378,2
1379,7
1380,5
1381,10
1382,7
1383,7
1384,10
1385,11
1386,5
1387,2
1388,6
1389,7
1390,6
1391,5
1392,6
1393,8
1394,2
1395,14
1396,8
1397,11
1398,6
1399,7
1400,12
1401,10
1402,4
1403,5
1404,9
1405,9
1406,8
1407,5
1408,8
1409,7
1410,6
1411,8
1412,8
1413,11
1414,9
1415,10
1416,6
1417,10
1418,8
1419,7
1420,8
1421,6
1422,6
1423,10
1424,7
1425,8
1426,6
1427,5
1428,9
1429,8
1430,6
1431,9
1432,12
1433,4
1434,6
1435,9
1436,7
1437,4
1438,7
1439,6
1440,6
1441,3
1442,10
1443,9
1444,5
1445,5
1446,8
1447,7
1448,7
1449,11
1450,8
1451,8
1452,7
1453,5
1454,10
1455,9
1456,9
1457,5
1458,6
1459,9
1460,10
1461,5
1462,8
1463,5
1464,3
1465,9
1466,7
1467,5
1468,8
1469,4
1470,7
1471,10
1472,4
1473,6
1474,12
1475,3
1476,8
1477,8
1478,6
1479,10
1480,6
1481,6
1482,9
1483,8
1484,7
1485,10
1486,9
1487,8
1488,14
1489,6
1490,9
1491,11
1492,6
1493,12
1494,4
1495,2
1496,10
1497,7
1498,3
1499,4
1500,6
1501,9
1502,9
1503,4
1504,7
1505,9
1506,11
1507,4
1508,10
1509,9
1510,7
1511,7
1512,9
1513,7
1514,8
1515,7
1516,6
1517,9
1518,6
1519,7
1520,10
1521,6
1522,7
1523,11
1524,5
1525,7
1526,7
1527,8
1528,13
1529,13
1530,5
1531,4
1532,8
1533,8
1534,6
1535,8
1536,6
1537,9
1538,9
1539,5
1540,6
1541,6
1542,10
1543,6
1544,8
1545,6
1546,6
1547,10
1548,15
1549,13
1550,6
1551,5
1552,4
1553,4
1554,7
1555,7
1556,13
1557,8
1558,10
1559,5
1560,9
1561,7
1562,12
1563,8
1564,6
1565,6
1566,11
1567,4
1568,10
1569,6
1570,2
1571,4
1572,4
1573,6
1574,10
1575,8
1576,10
1577,8
1578,9
1579,9
1580,5
1581,9
1582,7
1583,6
1584,9
1585,3
1586,5
1587,11
1588,10
1589,13
1590,7
1591,4
1592,8
1593,10
1594,5
1595,8
1596,9
1597,7
1598,7
1599,6
1600,7
1601,6
1602,3
1603,7
1604,7
1605,6
1606,8
1607,7
1608,2
1609,4
1610,10
1611,5
1612,6
1613,8
1614,10
1615,10
1616,11
1617,9
1618,5
1619,7
1620,11
1621,8
1622,8
1623,8
1624,4
1625,3
1626,5
1627,6
1628,12
1629,11
1630,10
1631,6
1632,13
1633,7
1634,2
1635,7
1636,6
1637,9
1638,7
1639,7
1640,6
1641,7
1642,6
1643,6
1644,11
1645,5
1646,6
1647,11
1648,12
1649,8
1650,9
1651,2
1652,5
1653,8
1654,10
1655,8
1656,5
1657,6
1658,9
1659,9
1660,6
1661,4
1662,8
1663,5
1664,8
1665,12
1666,7
1667,6
1668,3
1669,9
1670,4
1671,12
1672,5
1673,6
1674,7
1675,6
1676,7
1677,10
1678,9
1679,7
1680,9
1681,7
1682,4
1683,8
1684,6
1685,1
1686,3
1687,10
1688,8
1689,8
1690,4
1691,8
1692,8
1693,8
1694,10
1695,7
1696,11
1697,3
1698,5
1699,11
1700,7
1701,1
1702,6
1703,4
1704,8
1705,12
1706,7
1707,10
1708,5
1709,8
1710,15
1711,9
1712,10
1713,1
1714,4
1715,5
1716,4
1717,10
1718,8
1719,6
1720,2
1721,10
1722,5
1723,5
1724,7
1725,6
1726,12
1727,6
1728,7
1729,6
1730,7
1731,8
1732,10
1733,8
1734,7
1735,7
1736,6
1737,10
1738,11
1739,8
1740,6
1741,15
1742,6
1743,10
1744,6
1745,9
1746,9
1747,5
1748,5
1749,12
1750,4
1751,7
1752,10
1753,10
1754,7
1755,7
1756,6
1757,7
1758,8
1759,5
1760,15
1761,3
1762,6
1763,5
1764,5
1765,10
1766,11
1767,6
1768,5
1769,6
1770,6
1771,8
1772,5
1773,11
1774,8
1775,5
1776,13
1777,7
1778,6
1779,4
1780,6
1781,5
1782,8
1783,4
1784,6
1785,4
1786,9
1787,8
1788,6
1789,7
1790,6
1791,11
1792,4
1793,5
1794,5
1795,10
1796,7
1797,5
1798,8
1799,10
1800,10
1801,5
1802,9
1803,8
1804,3
1805,9
1806,7
1807,7
1808,11
1809,9
1810,6
1811,5
1812,5
1813,5
1814,13
1815,7
1816,6
1817,6
1818,9
1819,14
1820,9
1821,2
1822,9
1823,7
1824,4
1825,8
1826,5
1827,6
1828,3
1829,9
1830,9
1831,5
1832,6
1833,8
1834,5
1835,9
1836,10
1837,5
1838,10
1839,6
1840,7
1841,8
1842,8
1843,6
1844,9
1845,12
1846,4
1847,11
1848,6
1849,9
1850,5
1851,7
1852,6
1853,7
1854,5
1855,12
1856,5
1857,4
1858,2
1859,3
1860,7
1861,8
1862,4
1863,7
1864,5
1865,10
1866,4
1867,10
1868,7
1869,7
1870,4
1871,5
1872,11
1873,15
1874,8
1875,9
1876,5
1877,7
1878,5
1879,9
1880,3
1881,10
1882,10
1883,5
1884,5
1885,5
1886,5
1887,5
1888,5
1889,11
1890,6
1891,6
1892,6
1893,5
1894,8
1895,5
1896,9
1897,8
1898,7
1899,7
1900,7
1901,6
1902,11
1903,8
1904,8
1905,7
1906,8
1907,7
1908,7
1909,8
1910,9
1911,10
1912,5
1913,5
1914,9
1915,7
1916,5
1917,5
1918,11
1919,5
1920,9
1921,5
1922,12
1923,9
1924,4
1925,10
1926,6
1927,5
1928,4
1929,13
1930,8
1931,6
1932,6
1933,9
1934,5
1935,6
1936,8
1937,13
1938,8
1939,11
1940,11
1941,9
1942,7
1943,6
1944,5
1945,9
1946,9
1947,7
1948,11
1949,5
1950,5
1951,7
1952,6
1953,11
1954,7
1955,8
1956,12
1957,12
1958,10
1959,6
1960,5
1961,4
1962,6
1963,7
1964,8
1965,14
1966,7
1967,4
1968,3
1969,13
1970,9
1971,8
1972,10
1973,9
1974,11
1975,13
1976,7
1977,9
1978,3
1979,5
1980,9
1981,7
1982,10
1983,6
1984,13
1985,7
1986,6
1987,7
1988,8
1989,6
1990,10
1991,7
1992,8
1993,8
1994,7
1995,13
1996,7
1997,6
1998,6
1999,3
2000,7
2001,5
2002,7
2003,10
2004,7
2005,7
2006,12
2007,11
2008,6
2009,8
2010,6
2011,8
2012,7
2013,4
2014,9
2015,10
2016,8
2017,6
2018,5
2019,5
2020,7
2021,6
2022,4
2023,9
2024,9
2025,7
2026,9
2027,8
2028,5
2029,8
2030,6
2031,5
2032,6
2033,10
2034,8
2035,7
2036,6
2037,9
2038,6
2039,6
2040,4
2041,4
2042,5
2043,5
2044,8
2045,10
2046,4
2047,6
2048,6
2049,7
2050,6
2051,11
2052,5
2053,8
2054,5
2055,4
2056,6
2057,13
2058,8
2059,10
2060,6
2061,7
2062,3
2063,5
2064,11
2065,4
2066,7
2067,12
2068,7
2069,6
2070,8
2071,7
2072,8
2073,7
2074,4
2075,9
2076,8
2077,6
2078,6
2079,9
2080,8
2081,4
2082,8
2083,7
2084,8
2085,5
2086,7
2087,10
2088,11
2089,7
2090,8
2091,9
2092,6
2093,4
2094,7
2095,7
2096,7
2097,6
2098,6
2099,4
2100,9
2101,6
2102,6
2103,6
2104,6
2105,5
2106,4
2107,11
2108,5
2109,5
2110,5
2111,9
2112,8
2113,5
2114,7
2115,3
2116,8
2117,11
2118,7
2119,6
2120,8
2121,14
2122,2
2123,10
2124,10
2125,7
2126,5
2127,7
2128,4
2129,7
2130,3
2131,10
2132,8
2133,5
2134,6
2135,5
2136,5
2137,8
2138,6
2139,13
2140,3
2141,9
2142,9
2143,10
2144,6
2145,7
2146,8
2147,4
2148,8
2149,8
2150,6
2151,7
2152,10
2153,7
2154,10
2155,5
2156,5
2157,7
2158,8
2159,3
2160,8
2161,4
2162,8
2163,9
2164,8
2165,6
2166,3
2167,10
2168,8
2169,5
2170,9
2171,5
2172,7
2173,3
2174,6
2175,7
2176,8
2177,4
2178,10
2179,9
2180,7
2181,6
2182,4
2183,13
2184,5
2185,9
2186,7
2187,6
2188,5
2189,11
2190,7
2191,5
2192,7
2193,7
2194,8
2195,7
2196,12
2197,4
2198,6
2199,7
2200,12
2201,8
2202,6
2203,7
2204,6
2205,7
2206,7
2207,10
2208,2
2209,8
2210,8
2211,4
2212,4
2213,6
2214,7
2215,8
2216,6
2217,6
2218,5
2219,7
2220,6
2221,5
2222,11
2223,3
2224,8
2225,11
2226,7
2227,10
2228,12
2229,10
2230,8
2231,8
2232,10
2233,11
2234,5
2235,9
2236,8
2237,4
2238,8
2239,8
2240,8
2241,7
2242,9
2243,15
2244,8
2245,7
2246,5
2247,7
2248,7
2249,13
2250,8
2251,8
2252,8
2253,8
2254,4
2255,5
2256,5
2257,8
2258,7
2259,9
2260,12
2261,6
2262,17
2263,10
2264,8
2265,8
2266,8
2267,6
2268,4
2269,4
2270,10
2271,6
2272,8
2273,6
2274,5
2275,11
2276,6
2277,13
2278,8
2279,6
2280,12
2281,10
2282,8
2283,10
2284,8
2285,6
2286,7
2287,10
2288,10
2289,5
2290,4
2291,7
2292,5
2293,15
2294,3
2295,5
2296,9
2297,6
2298,8
2299,8
2300,7
2301,4
2302,6
2303,4
2304,8
2305,7
2306,10
2307,6
2308,8
2309,7
2310,7
2311,9
2312,6
2313,7
2314,7
2315,8
2316,13
2317,11
2318,8
2319,7
2320,9
2321,9
2322,8
2323,6
2324,10
2325,12
2326,3
2327,8
2328,8
2329,6
2330,5
2331,2
2332,9
2333,6
2334,12
2335,10
2336,4
2337,6
2338,7
2339,8
2340,7
2341,6
2342,4
2343,3
2344,5
2345,6
2346,13
2347,10
2348,7
2349,7
2350,10
2351,6
2352,7
2353,6
2354,5
2355,9
2356,7
2357,5
2358,4
2359,5
2360,6
2361,5
2362,6
2363,5
2364,7
2365,12
2366,7
2367,6
2368,4
2369,2
2370,12
2371,5
2372,7
2373,8
2374,11
2375,9
2376,6
2377,6
2378,11
2379,6
2380,9
2381,6
2382,4
2383,9
2384,12
2385,9
2386,5
2387,6
2388,8
2389,9
2390,4
2391,12
2392,6
2393,2
2394,9
2395,10
2396,8
2397,5
2398,5
2399,3
2400,5
2401,7
2402,9
2403,6
2404,7
2405,8
2406,5
2407,6
2408,7
2409,8
2410,6
2411,7
2412,5
2413,7
2414,6
2415,7
2416,8
2417,11
2418,8
2419,6
2420,7
2421,7
2422,5
2423,9
2424,5
2425,7
2426,9
2427,4
2428,10
2429,7
2430,9
2431,7
2432,12
2433,7
2434,12
2435,11
2436,10
2437,4
2438,9
2439,4
2440,10
2441,12
2442,3
2443,2
2444,5
2445,8
2446,9
2447,9
2448,6
2449,6
2450,7
2451,11
2452,3
2453,2
2454,6
2455,4
2456,6
2457,3
2458,7
2459,4
2460,10
2461,11
2462,9
2463,7
2464,8
2465,7
2466,6
2467,7
2468,11
2469,5
2470,0
2471,5
2472,3
2473,8
2474,4
2475,7
2476,13
2477,3
2478,8
2479,10
2480,6
2481,10
2482,10
2483,3
2484,13
2485,10
2486,6
2487,6
2488,5
2489,10
2490,4
2491,11
2492,5
2493,10
2494,4
2495,7
2496,10
2497,12
2498,8
2499,4
2500,7
2501,13
2502,6
2503,5
2504,13
2505,4
2506,6
2507,7
2508,2
2509,10
2510,6
2511,6
2512,6
2513,12
2514,5
2515,9
2516,5
2517,5
2518,11
2519,5
2520,10
2521,4
2522,5
2523,12
2524,7
2525,7
2526,7
2527,7
2528,4
2529,5
2530,11
2531,12
2532,15
2533,6
2534,4
2535,11
2536,5
2537,7
2538,11
2539,7
2540,10
2541,9
2542,10
2543,15
2544,6
2545,6
2546,6
2547,12
2548,3
2549,11
2550,8
2551,8
2552,8
2553,11
2554,10
2555,6
2556,1
2557,7
2558,6
2559,5
2560,8
2561,4
2562,12
2563,7
2564,6
2565,9
2566,11
2567,5
2568,10
2569,5
2570,8
2571,8
2572,11
2573,12
2574,6
2575,6
2576,6
2577,10
2578,9
2579,7
2580,10
2581,4
2582,8
2583,7
2584,10
2585,7
2586,2
2587,4
2588,9
2589,7
2590,12
2591,6
2592,8
2593,8
2594,6
2595,4
2596,9
2597,9
2598,9
2599,4
2600,5
2601,7
2602,12
2603,11
2604,7
2605,5
2606,12
2607,9
2608,6
2609,5
2610,7
2611,6
2612,7
2613,6
2614,7
2615,7
2616,5
2617,6
2618,8
2619,12
2620,8
2621,3
2622,4
2623,8
2624,8
2625,2
2626,3
2627,11
2628,6
2629,8
2630,16
2631,8
2632,10
2633,10
2634,8
2635,1
2636,8
2637,7
2638,8
2639,4
2640,12
2641,4
2642,12
2643,6
2644,9
2645,11
2646,14
2647,6
2648,5
2649,3
2650,7
2651,6
2652,5
2653,9
2654,4
2655,3
2656,5
2657,6
2658,4
2659,12
2660,6
2661,6
2662,8
2663,5
2664,9
2665,7
2666,7
2667,3
2668,7
2669,10
2670,2
2671,10
2672,12
2673,8
2674,7
2675,6
2676,11
2677,10
2678,7
2679,6
2680,4
2681,6
2682,4
2683,7
2684,6
2685,6
2686,7
2687,6
2688,4
2689,9
2690,5
2691,11
2692,5
2693,11
2694,7
2695,13
2696,8
2697,6
2698,9
2699,6
2700,8
2701,6
2702,11
2703,6
2704,8
2705,4
2706,6
2707,7
2708,4
2709,4
2710,9
2711,6
2712,7
2713,6
2714,10
2715,7
2716,4
2717,9
2718,6
2719,9
2720,6
2721,10
2722,2
2723,7
2724,8
2725,8
2726,13
2727,6
2728,12
2729,10
2730,11
2731,2
2732,10
2733,8
2734,3
2735,9
2736,7
2737,8
2738,4
2739,11
2740,6
2741,6
2742,4
2743,2
2744,6
2745,6
2746,4
2747,9
2748,8
2749,8
2750,2
2751,8
2752,6
2753,9
2754,8
2755,9
2756,3
2757,11
2758,2
2759,8
2760,4
2761,5
2762,7
2763,5
2764,13
2765,9
2766,9
2767,9
2768,6
2769,7
2770,9
2771,6
2772,12
2773,11
2774,8
2775,7
2776,5
2777,8
2778,11
2779,11
2780,11
2781,7
2782,4
2783,8
2784,3
2785,6
2786,7
2787,5
2788,8
2789,6
2790,6
2791,6
2792,5
2793,10
2794,4
2795,8
2796,6
2797,7
2798,7
2799,10
2800,5
2801,6
2802,5
2803,4
2804,12
2805,7
2806,5
2807,9
2808,1
2809,9
2810,11
2811,2
2812,8
2813,7
2814,9
2815,9
2816,4
2817,8
2818,8
2819,11
2820,7
2821,6
2822,8
2823,5
2824,5
2825,6
2826,8
2827,4
2828,8
2829,6
2830,7
2831,13
2832,7
2833,4
2834,7
2835,6
2836,4
2837,11
2838,7
2839,7
2840,5
2841,7
2842,9
2843,4
2844,8
2845,4
2846,9
2847,8
2848,5
2849,14
2850,8
2851,8
2852,9
2853,4
2854,4
2855,10
2856,6
2857,6
2858,6
2859,15
2860,4
2861,8
2862,4
2863,6
2864,10
2865,9
2866,4
2867,8
2868,14
2869,8
2870,7
2871,8
2872,6
2873,4
2874,7
2875,10
2876,11
2877,9
2878,10
2879,9
2880,3
2881,9
2882,4
2883,6
2884,7
2885,6
2886,7
2887,7
2888,10
2889,10
2890,6
2891,5
2892,3
2893,5
2894,6
2895,8
2896,8
2897,7
2898,6
2899,8
2900,11
2901,6
2902,8
2903,6
2904,3
2905,12
2906,11
2907,9
2908,6
2909,6
2910,5
2911,9
2912,6
2913,8
2914,10
2915,8
2916,10
2917,8
2918,9
2919,4
2920,6
2921,10
2922,11
2923,8
2924,4
2925,6
2926,4
2927,9
2928,10
2929,7
2930,12
2931,8
2932,5
2933,7
2934,12
2935,8
2936,4
2937,8
2938,6
2939,10
2940,7
2941,6
2942,5
2943,5
2944,4
2945,5
2946,6
2947,7
2948,8
2949,8
2950,6
2951,7
2952,6
2953,8
2954,11
2955,7
2956,6
2957,5
2958,10
2959,7
2960,7
2961,7
2962,5
2963,6
2964,5
2965,8
2966,8
2967,6
2968,8
2969,13
2970,8
2971,9
2972,7
2973,2
2974,8
2975,10
2976,8
2977,3
2978,15
2979,9
2980,8
2981,17
2982,6
2983,10
2984,8
2985,9
2986,9
2987,7
2988,12
2989,9
2990,11
2991,10
2992,4
2993,3
2994,6
2995,6
2996,7
2997,13
2998,10
2999,5
3000,11
3001,2
3002,7
3003,9
3004,8
3005,7
3006,9
3007,8
3008,6
3009,5
3010,6
3011,7
3012,6
3013,11
3014,8
3015,8
3016,8
3017,8
3018,5
3019,3
3020,7
3021,6
3022,7
3023,8
3024,6
3025,7
3026,7
3027,7
3028,7
3029,8
3030,11
3031,10
3032,6
3033,10
3034,8
3035,10
3036,6
3037,7
3038,8
3039,11
3040,10
3041,8
3042,11
3043,4
3044,6
3045,4
3046,5
3047,2
3048,8
3049,6
3050,7
3051,8
3052,7
3053,6
3054,9
3055,13
3056,10
3057,7
3058,5
3059,10
3060,6
3061,5
3062,0
3063,7
3064,10
3065,4
3066,4
3067,8
3068,10
3069,3
3070,3
3071,7
3072,8
3073,6
3074,9
3075,5
3076,5
3077,4
3078,5
3079,9
3080,6
3081,6
3082,3
3083,8
3084,7
3085,12
3086,6
3087,6
3088,8
3089,5
3090,15
3091,10
3092,4
3093,8
3094,13
3095,12
3096,4
3097,2
3098,5
3099,6
3100,6
3101,3
3102,8
3103,8
3104,7
3105,5
3106,7
3107,9
3108,4
3109,4
3110,6
3111,5
3112,8
3113,9
3114,4
3115,12
3116,6
3117,3
3118,6
3119,9
3120,8
3121,10
3122,11
3123,6
3124,11
3125,10
3126,6
3127,9
3128,7
3129,10
3130,8
3131,8
3132,14
3133,8
3134,8
3135,4
3136,5
3137,13
3138,8
3139,7
3140,8
3141,8
3142,6
3143,7
3144,11
3145,6
3146,1
3147,7
3148,9
3149,6
3150,6
3151,11
3152,7
3153,6
3154,8
3155,6
3156,6
3157,7
3158,11
3159,4
3160,3
3161,3
3162,6
3163,8
3164,10
3165,10
3166,9
3167,4
3168,10
3169,8
3170,3
3171,4
3172,10
3173,10
3174,7
3175,5
3176,13
3177,7
3178,3
3179,9
3180,7
3181,7
3182,7
3183,9
3184,2
3185,6
3186,6
3187,5
3188,5
3189,11
3190,8
3191,4
3192,11
3193,14
3194,3
3195,3
3196,5
3197,8
3198,6
3199,5
3200,8
3201,8
3202,7
3203,7
3204,11
3205,7
3206,9
3207,11
3208,5
3209,7
3210,4
3211,16
3212,3
3213,14
3214,8
3215,3
3216,3
3217,2
3218,7
3219,3
3220,9
3221,10
3222,12
3223,7
3224,8
3225,7
3226,12
3227,11
3228,7
3229,7
3230,6
3231,12
3232,6
3233,3
3234,10
3235,7
3236,3
3237,7
3238,6
3239,6
3240,7
3241,7
3242,10
3243,10
3244,9
3245,3
3246,11
3247,9
3248,6
3249,7
3250,10
3251,8
3252,5
3253,8
3254,10
3255,11
3256,12
3257,8
3258,10
3259,9
3260,8
3261,10
3262,8
3263,5
3264,6
3265,2
3266,10
3267,7
3268,13
3269,3
3270,10
3271,8
3272,6
3273,9
3274,11
3275,10
3276,10
3277,10
3278,6
3279,8
3280,11
3281,8
3282,2
3283,5
3284,4
3285,5
3286,6
3287,8
3288,1
3289,9
3290,8
3291,9
3292,6
3293,7
3294,4
3295,5
3296,4
3297,4
3298,6
3299,7
3300,3
3301,9
3302,8
3303,9
3304,7
3305,10
3306,8
3307,7
3308,7
3309,9
3310,3
3311,5
3312,7
3313,4
3314,11
3315,7
3316,4
3317,8
3318,8
3319,5
3320,4
3321,6
3322,6
3323,6
3324,8
3325,3
3326,11
3327,12
3328,9
3329,6
3330,9
3331,9
3332,9
3333,3
3334,5
3335,12
3336,4
3337,5
3338,6
3339,7
3340,10
3341,9
3342,10
3343,7
3344,8
3345,10
3346,11
3347,7
3348,13
3349,7
3350,11
3351,7
3352,5
3353,14
3354,9
3355,5
3356,3
3357,8
3358,7
3359,2
3360,4
3361,3
3362,3
3363,6
3364,6
3365,8
3366,15
3367,8
3368,5
3369,5
3370,10
3371,10
3372,1
3373,7
3374,7
3375,6
3376,6
3377,8
3378,6
3379,7
3380,9
3381,9
3382,7
3383,9
3384,4
3385,6
3386,9
3387,6
3388,7
3389,5
3390,5
3391,9
3392,4
3393,6
3394,9
3395,12
3396,8
3397,10
3398,5
3399,8
3400,7
3401,8
3402,7
3403,6
3404,7
3405,8
3406,4
3407,12
3408,10
3409,8
3410,5
3411,7
3412,5
3413,7
3414,12
3415,5
3416,11
3417,13
3418,8
3419,14
3420,8
3421,13
3422,10
3423,8
3424,9
3425,8
3426,7
3427,11
3428,9
3429,12
3430,3
3431,6
3432,9
3433,9
3434,11
3435,12
3436,5
3437,9
3438,8
3439,7
3440,7
3441,6
3442,10
3443,9
3444,7
3445,9
3446,7
3447,8
3448,1
3449,4
3450,6
3451,5
3452,2
3453,5
3454,4
3455,8
3456,9
3457,5
3458,7
3459,7
3460,8
3461,9
3462,9
3463,6
3464,6
3465,4
3466,5
3467,10
3468,7
3469,7
3470,2
3471,5
3472,11
3473,7
3474,8
3475,5
3476,4
3477,3
3478,7
3479,5
3480,9
3481,5
3482,5
3483,15
3484,6
3485,6
3486,10
3487,4
3488,8
3489,9
3490,8
3491,9
3492,10
3493,8
3494,9
3495,15
3496,9
3497,6
3498,6
3499,4
3500,4
3501,7
3502,12
3503,5
3504,7
3505,8
3506,9
3507,13
3508,2
3509,5
3510,8
3511,10
3512,2
3513,8
3514,9
3515,6
3516,12
3517,10
3518,6
3519,9
3520,4
3521,10
3522,8
3523,6
3524,13
3525,4
3526,6
3527,2
3528,6
3529,9
3530,4
3531,6
3532,7
3533,9
3534,7
3535,11
3536,7
3537,5
3538,9
3539,5
3540,10
3541,7
3542,4
3543,5
3544,7
3545,7
3546,2
3547,10
3548,7
3549,10
3550,13
3551,5
3552,12
3553,6
3554,8
3555,10
3556,9
3557,9
3558,8
3559,6
3560,3
3561,6
3562,6
3563,9
3564,10
3565,5
3566,7
3567,9
3568,9
3569,9
3570,5
3571,8
3572,5
3573,9
3574,5
3575,10
3576,4
3577,3
3578,10
3579,5
3580,3
3581,5
3582,5
3583,7
3584,7
3585,3
3586,6
3587,8
3588,8
3589,7
3590,10
3591,7
3592,7
3593,6
3594,4
3595,4
3596,4
3597,7
3598,7
3599,9
3600,9
3601,7
3602,7
3603,4
3604,3
3605,13
3606,9
3607,7
3608,4
3609,4
3610,7
3611,10
3612,13
3613,8
3614,7
3615,7
3616,6
3617,3
3618,4
3619,5
3620,9
3621,13
3622,4
3623,5
3624,9
3625,4
3626,11
3627,9
3628,5
3629,5
3630,3
3631,4
3632,9
3633,5
3634,2
3635,7
3636,12
3637,6
3638,9
3639,12
3640,5
3641,9
3642,4
3643,10
3644,8
3645,3
3646,17
3647,10
3648,9
3649,9
3650,8
3651,12
3652,6
3653,7
3654,10
3655,10
3656,8
3657,11
3658,7
3659,8
3660,9
3661,2
3662,10
3663,4
3664,5
3665,9
3666,5
3667,10
3668,5
3669,5
3670,9
3671,8
3672,11
3673,5
3674,6
3675,7
3676,5
3677,3
3678,8
3679,9
3680,11
3681,7
3682,6
3683,11
3684,12
3685,3
3686,10
3687,7
3688,10
3689,8
3690,6
3691,6
3692,6
3693,5
3694,9
3695,8
3696,11
3697,7
3698,9
3699,4
3700,5
3701,7
3702,7
3703,7
3704,7
3705,5
3706,5
3707,10
3708,7
3709,7
3710,5
3711,7
3712,7
3713,10
3714,3
3715,7
3716,8
3717,5
3718,11
3719,9
3720,9
3721,9
3722,8
3723,12
3724,7
3725,9
3726,8
3727,7
3728,7
3729,9
3730,11
3731,7
3732,7
3733,6
3734,4
3735,14
3736,12
3737,3
3738,7
3739,5
3740,10
3741,14
3742,11
3743,6
3744,11
3745,10
3746,7
3747,5
3748,5
3749,9
3750,9
3751,7
3752,2
3753,9
3754,9
3755,4
3756,6
3757,5
3758,8
3759,9
3760,8
3761,7
3762,8
3763,5
3764,9
3765,9
3766,4
3767,14
3768,3
3769,4
3770,9
3771,1
3772,5
3773,3
3774,9
3775,6
3776,6
3777,16
3778,7
3779,6
3780,6
3781,9
3782,8
3783,8
3784,6
3785,8
3786,6
3787,11
3788,11
3789,7
3790,9
3791,9
3792,8
3793,8
3794,8
3795,9
3796,6
3797,9
3798,5
3799,12
3800,5
3801,12
3802,5
3803,8
3804,5
3805,7
3806,5
3807,7
3808,9
3809,5
3810,8
3811,11
3812,5
3813,8
3814,10
3815,8
3816,8
3817,9
3818,9
3819,3
3820,7
3821,8
3822,10
3823,4
3824,5
3825,4
3826,7
3827,8
3828,2
3829,8
3830,20
3831,7
3832,9
3833,15
3834,5
3835,6
3836,10
3837,1
3838,12
3839,8
3840,6
3841,5
3842,4
3843,8
3844,4
3845,8
3846,8
3847,8
3848,9
3849,7
3850,12
3851,13
3852,6
3853,7
3854,8
3855,7
3856,9
3857,5
3858,12
3859,4
3860,4
3861,4
3862,10
3863,7
3864,13
3865,9
3866,9
3867,5
3868,11
3869,8
3870,9
3871,3
3872,9
3873,8
3874,8
3875,11
3876,6
3877,9
3878,7
3879,6
3880,12
3881,8
3882,8
3883,6
3884,6
3885,9
3886,5
3887,4
3888,9
3889,5
3890,9
3891,8
3892,9
3893,5
3894,12
3895,8
3896,2
3897,6
3898,7
3899,5
3900,6
3901,8
3902,9
3903,5
3904,9
3905,9
3906,7
3907,7
3908,9
3909,8
3910,5
3911,6
3912,3
3913,6
3914,7
3915,13
3916,12
3917,9
3918,8
3919,8
3920,11
3921,7
3922,4
3923,7
3924,8
3925,3
3926,1
3927,6
3928,9
3929,5
3930,6
3931,7
3932,5
3933,13
3934,4
3935,12
3936,11
3937,10
3938,13
3939,11
3940,5
3941,8
3942,5
3943,5
3944,9
3945,9
3946,7
3947,3
3948,10
3949,10
3950,8
3951,5
3952,11
3953,12
3954,7
3955,13
3956,8
3957,8
3958,13
3959,7
3960,9
3961,5
3962,9
3963,10
3964,8
3965,4
3966,3
3967,14
3968,10
3969,7
3970,4
3971,11
3972,6
3973,12
3974,8
3975,8
3976,6
3977,9
3978,8
3979,5
3980,12
3981,4
3982,6
3983,9
3984,4
3985,5
3986,7
3987,9
3988,8
3989,8
3990,10
3991,8
3992,1
3993,10
3994,3
3995,7
3996,9
3997,8
3998,7
3999,8
4000,5
4001,9
4002,6
4003,7
4004,2
4005,7
4006,11
4007,8
4008,5
4009,4
4010,8
4011,6
4012,6
4013,9
4014,6
4015,4
4016,7
4017,8
4018,13
4019,6
4020,6
4021,10
4022,6
4023,10
4024,3
4025,13
4026,6
4027,5
4028,6
4029,9
4030,5
4031,10
4032,10
4033,7
4034,9
4035,11
4036,6
4037,10
4038,7
4039,7
4040,5
4041,3
4042,8
4043,5
4044,3
4045,3
4046,9
4047,4
4048,4
4049,7
4050,11
4051,12
4052,8
4053,4
4054,5
4055,11
4056,11
4057,11
4058,6
4059,5
4060,6
4061,7
4062,7
4063,4
4064,8
4065,8
4066,9
4067,10
4068,10
4069,11
4070,6
4071,10
4072,5
4073,3
4074,7
4075,9
4076,10
4077,8
4078,5
4079,3
4080,7
4081,9
4082,9
4083,5
4084,11
4085,7
4086,11
4087,4
4088,7
4089,8
4090,6
4091,6
4092,13
4093,5
4094,9
4095,10
